0.08
         0
         0
         0
         0
         0
         0
         0
         0
         0
         0
         0
         0
         0
         0
         0
         0
         0
         0
         0
         0
         0
         0
         0
         0
         0
         0
         0
    0.0184
    0.0361
    0.0526
    0.0674
    0.0798
    0.0895
    0.0962
    0.0996
    0.0996
    0.0962
    0.0895
    0.0798
    0.0674
    0.0526
    0.0361
    0.0184
    0.0000
         0
         0
         0
   -0.0500
   -0.1000
   -0.1500
   -0.2000
   -0.2500
    0.0625
    0.3750
    0.6875
    1.0000
    0.7500
    0.5000
    0.2500
         0
   -0.2500
   -0.5000
   -0.7500
   -1.0000
   -0.7500
   -0.5000
   -0.2500
         0
         0
         0
         0
         0
    0.0595
    0.1150
    0.1626
    0.1992
    0.2222
    0.2300
    0.2222
    0.1992
    0.1626
    0.1150
    0.0595
    0.0000
         0
         0
         0
         0
         0
         0
         0
         0
         0
         0
         0
         0
         0
         0
         0
         0
         0
         0
         0
         0
         0
         0
         0
         0
         0
         0
         0
         0
         0
         0
         0
         0
         0
         0
         0
         0