0.07
   -0.8000
   -0.7902
   -0.7618
   -0.7176
   -0.6618
   -0.6000
   -0.5350
   -0.4700
   -0.4050
   -0.3400
   -0.2750
   -0.2100
   -0.1450
   -0.0800
   -0.0150
    0.0500
    0.1150
    0.1800
    0.2450
    0.3100
    0.3750
    0.4400
    0.5050
    0.5700
    0.6350
    0.7000
    0.7309
    0.7588
    0.7809
    0.7951
    0.8000
    0.7951
    0.7809
    0.7588
    0.7309
    0.7000
    0.6823
    0.6646
    0.6468
    0.6291
    0.6114
    0.5937
    0.5759
    0.5582
    0.5405
    0.5228
    0.5051
    0.4873
    0.4696
    0.4519
    0.4342
    0.4165
    0.3987
    0.3810
    0.3633
    0.3456
    0.3278
    0.3101
    0.2924
    0.2747
    0.2570
    0.2392
    0.2215
    0.2038
    0.1861
    0.1684
    0.1506
    0.1329
    0.1152
    0.0975
    0.0797
    0.0620
    0.0443
    0.0266
    0.0089
   -0.0089
   -0.0266
   -0.0443
   -0.0620
   -0.0797
   -0.0975
   -0.1152
   -0.1329
   -0.1506
   -0.1684
   -0.1861
   -0.2038
   -0.2215
   -0.2392
   -0.2570
   -0.2747
   -0.2924
   -0.3101
   -0.3278
   -0.3456
   -0.3633
   -0.3810
   -0.3987
   -0.4165
   -0.4342
   -0.4519
   -0.4696
   -0.4873
   -0.5051
   -0.5228
   -0.5405
   -0.5582
   -0.5759
   -0.5937
   -0.6114
   -0.6291
   -0.6468
   -0.6646
   -0.6823
   -0.7000
   -0.7309
   -0.7588
   -0.7809
   -0.7951
   -0.8000